SIZE = 128, TIME = 0.022702
SIZE = 256, TIME = 0.147210
SIZE = 512, TIME = 1.646950
SIZE = 1024, TIME = 18.822408