SIZE = 128, TIME = 0.016466
SIZE = 256, TIME = 0.059713
SIZE = 512, TIME = 0.811359
SIZE = 1024, TIME = 8.655239