SIZE = 128, TIME = 0.095810
SIZE = 256, TIME = 0.732563
SIZE = 512, TIME = 5.827417
SIZE = 1024, TIME = 53.858525