SIZE = 128, TIME = 0.228859
SIZE = 256, TIME = 1.753142
SIZE = 512, TIME = 14.025142
SIZE = 1024, TIME = 118.977436